26.2
24.93
1
-28.65
-29.24
1
119
0
0
0
-25.7 22
2
1
42
1
0
0
-22.2 26.5
3
0
72
95
2
0
0
9.09 -15.25
3
5
15
108
3
0
0
-15.95 -26.43
6
4
12
13
65
66
67
4
0
0
-19 -26.93
2
3
31
5
0
0
10.285 -21.195
6
2
8
15
62
82
83
6
0
0
12.785 -28.645
2
7
64
7
0
0
15.285 -28.145
3
6
8
39
8
0
0
14.6 -21.695
4
5
7
40
41
9
0
0
10.2 10.065
4
18
35
86
90
10
0
0
-10.665 -7.804999
4
76
105
115
118
11
0
0
-14.165 -5.71
1
76
12
0
0
-15.15 -18.28
5
3
13
76
81
106
13
0
0
-16.4 -21.78
3
3
12
20
14
0
0
25.2 -12.75
5
15
38
41
58
59
15
0
0
14.995 -13.15
5
2
5
14
16
41
16
0
0
12.495 -9.799999
3
15
53
54
17
0
0
18.5 -3.6
5
52
53
59
60
61
18
0
0
19.64 5.55
6
9
35
52
55
58
61
19
0
0
-27.7 -21.83
3
21
22
30
20
0
0
-19.65 -21.83
4
13
21
22
30
21
0
0
-23.9 -22.33
3
19
20
30
22
0
0
-23.45 -17.25
6
19
20
29
109
112
113
23
0
0
3.71 -6.974999
4
24
108
116
118
24
0
0
7.21 -6.475
4
23
54
57
108
25
0
0
1.21 2.175
4
26
56
57
86
26
0
0
-3.395 1.674999
6
25
48
49
85
86
118
27
0
0
8.42 15.63003
2
92
104
28
0
0
9.49 22.97997
4
47
74
92
100
29
0
0
-28.945 -5.3
3
22
44
110
30
0
0
-25.25 -23.245
4
19
20
21
31
31
0
0
-23.195 -26.815
3
4
30
32
32
0
1
-27.89 -27.315
2
31
33
33
0
0
-29.945 -26.815
1
32
34
0
0
29.94 10.565
2
35
36
35
0
0
21.79 8.6
5
9
18
34
90
91
36
0
0
29.94 14.765
1
34
37
0
0
28.94 18.09497
2
73
94
38
0
0
25.85 -23.05
3
14
39
41
39
0
0
19.4 -28.45
3
7
38
40
40
0
0
18.9 -24.4
3
8
39
41
41
0
0
19.4 -19
5
8
14
15
38
40
42
0
0
-22.2 18.65
7
0
44
45
46
79
80
98
43
0
0
-26.3 9.200001
2
44
80
44
0
0
-28.9 9.699999
3
29
42
43
45
0
0
-10.245 19.31997
5
42
46
96
97
98
46
0
0
-9.745 15.99
5
42
45
79
84
88
47
0
0
0.9499998 25.91
5
28
72
95
100
101
48
0
0
-10.665 5.86
5
26
49
51
79
85
49
0
0
-9.245001 -0.6949999
3
26
48
50
50
0
0
-12.06 -2.695
2
49
51
51
0
0
-13.48 -0.6949997
3
48
50
76
52
0
0
12.64 1.365
4
17
18
53
55
53
0
0
14.45 -4.935
4
16
17
52
54
54
0
0
11.09 -5.434999
4
16
24
53
57
55
0
0
8.59 3.215
3
18
52
56
56
0
0
5.09 2.715
3
25
55
57
57
0
0
5.780001 -2.51
4
24
25
54
56
58
0
0
28.2 -3.1
4
14
18
59
61
59
0
0
23.7 -6.8
4
14
17
58
60
60
0
0
23.2 -1.7
3
17
59
61
61
0
0
23.7 2
4
17
18
58
60
62
0
0
4.39 -24.68999
4
5
63
64
83
63
0
0
-2.19 -25.18999
4
62
64
68
69
64
0
0
0.4000001 -28.64499
5
6
62
63
65
69
65
0
0
-12.85 -29.4
3
3
64
66
66
0
0
-13.35 -28.04499
3
3
65
67
67
0
0
-13.35 -24.68999
4
3
66
68
81
68
0
0
-8.495001 -23.945
5
63
67
69
81
83
69
0
0
-7.995 -26.54499
3
63
64
68
70
0
0
22.95 29.015
2
71
73
71
0
0
22.45 29.98
1
70
72
0
0
0.2499998 29.035
4
1
47
75
95
73
1
0
22.95 23.97997
5
37
70
74
92
93
74
0
0
13.445 22.92497
4
28
73
75
92
75
0
0
12.945 27.015
2
72
74
76
0
0
-15.925 -5.300001
8
10
11
12
51
78
107
113
114
77
0
0
-23.67 2.94
2
80
114
78
0
0
-15.925 3.439999
2
76
79
79
0
0
-18.425 10.04
7
42
46
48
78
80
84
85
80
0
0
-23.625 9.699999
4
42
43
77
79
81
0
0
-12.25 -19.095
5
12
67
68
82
106
82
0
0
-0.8149996 -16.6
5
5
81
83
106
108
83
0
0
-0.3150001 -19.595
4
5
62
68
82
84
0
0
-9.25 11.815
3
46
79
85
85
0
0
-8.75 9.15
5
26
48
79
84
86
86
0
0
1.8 10.565
5
9
25
26
85
87
87
0
0
2.41 13.315
3
86
103
104
88
0
0
-4.595 16.55997
3
46
102
103
89
0
0
18.33 12.565
2
90
92
90
0
0
18.83 10.6
4
9
35
89
91
91
0
0
25.92 11.265
3
35
90
94
92
0
0
15.94 16.55997
5
27
28
73
74
89
93
0
0
25.42 19.39497
2
73
94
94
0
0
25.92 16.065
3
37
91
93
95
0
0
-10.245 25.47671
5
1
47
72
96
98
96
0
0
-8.045 21.38668
2
45
95
97
0
0
-10.5 19.90326
1
45
98
0
0
-12.7 21.38668
3
42
45
95
99
0
0
4.335 20.26997
2
100
104
100
0
0
3.835 22.2
4
28
47
99
101
101
0
0
-2.705 21.81997
3
47
100
102
102
0
0
-2.21 18.26997
3
88
101
103
103
0
0
-1.71 15.025
4
87
88
102
104
104
0
0
4.3 16.64497
4
27
87
99
103
105
0
0
-10.1 -9.74
3
10
107
115
106
0
0
-10.1 -14.59
5
12
81
82
107
108
107
0
0
-10.6 -11.58
3
76
105
106
108
0
0
1.395 -12.75
8
2
23
24
82
106
115
116
117
109
0
0
-26.39 -13.53
2
22
112
110
0
0
-27.695 -7.63
2
29
111
111
0
0
-26.195 -7.13
2
110
114
112
0
0
-24.195 -13.53
2
22
109
113
0
0
-20.475 -13.03
3
22
76
114
114
0
0
-21.17 -4.789999
4
76
77
111
113
115
0
0
-5.62 -8.455
4
10
105
108
118
116
0
0
1.485 -8.455
3
23
108
118
117
0
0
-1.81 -8.955
1
108
118
0
0
-2.325 -6.03
5
10
23
26
115
116
