-1152
-180
1
-1163.7
27.6
1151
0
0
0
160 -80
3
1
520
1046
1
0
0
160 -113.5
4
0
385
444
802
2
0
0
64.965 9.010001
3
3
682
971
3
0
0
62.465 7.520003
3
2
24
682
4
0
0
-841.75 -21.75
5
5
208
538
837
1084
5
0
0
-833 -24.25
3
4
445
447
6
0
0
-379.6 -165.75
3
7
36
689
7
0
0
-389.7 -168.25
2
6
409
8
0
0
-594.5 -12.5
10
310
377
478
480
599
684
685
901
902
903
9
0
0
-527.95 -173.5
5
10
134
181
674
950
10
0
0
-520.9 -178.5
4
9
62
224
849
11
0
0
-274.5 -163.5
7
12
13
14
121
300
301
499
12
0
0
-320 -113.5
4
11
66
965
966
13
0
0
-255.35 -149.75
3
11
14
75
14
0
0
-257.85 -151
3
11
13
121
15
0
0
-703 -163.25
6
117
391
856
1134
1135
1136
16
0
0
-320 47.5
5
770
773
1042
1119
1122
17
0
0
-62.7 -2.25
5
30
231
423
979
982
18
0
0
-600.5 -200
2
19
412
19
0
0
-616 -205
2
18
584
20
0
0
45.8 -173.5
9
93
238
342
631
633
695
697
711
1011
21
0
0
-239.35 -162.25
5
75
721
722
1068
1070
22
0
0
-813 -185.25
5
41
69
89
192
240
23
0
0
-718 -168.25
2
119
333
24
0
0
64.965 6.360002
6
3
682
969
1021
1123
1124
25
0
0
-549 -168.25
2
182
1054
26
0
0
0 47.5
6
271
361
490
682
683
859
27
0
0
-1131.75 -47.25
4
50
450
843
844
28
0
0
-863 -2.25
3
396
537
619
29
0
0
-52.15 0.25
5
30
195
228
229
490
30
0
0
-58.25 -6.75
3
17
29
31
31
0
0
-60.75 -5
2
30
231
32
0
0
-856.25 -162.25
4
34
242
767
769
33
0
0
-870.5 -156.5
2
437
769
34
0
0
-856.25 -154
4
32
187
1049
1050
35
0
0
-352.1 -185.25
3
36
298
542
36
0
0
-361.3 -182.75
7
6
35
689
691
878
879
880
37
0
0
-760.5 -200
2
87
140
38
0
0
-74.95 -156.5
3
40
270
833
39
0
0
-67.45 -156.5
3
40
270
833
40
0
0
-72.2 -157
3
38
39
833
41
0
0
-815.25 -200
3
22
240
365
42
0
0
-838.5 -200
6
240
241
242
362
363
364
43
0
0
-744 -160
4
44
330
335
389
44
0
0
-747.25 -157.5
5
43
64
328
335
808
45
0
0
-233.2 -165.75
3
47
76
721
46
0
0
-219.2 -165.75
4
47
76
77
205
47
0
0
-228.9 -168.25
2
45
46
48
0
0
-1075.5 -163.5
8
49
158
159
175
448
947
960
961
49
0
0
-1120 -113.5
4
48
649
1142
1143
50
0
0
-1157.25 -45
4
27
91
92
453
51
0
0
-652 -175.25
3
351
738
888
52
0
0
-1081.75 47.5
3
53
188
452
53
0
0
-1075.5 -2.5
11
52
209
290
639
662
663
664
667
863
866
1103
54
0
0
-423.7 -160
4
55
408
688
691
55
0
0
-427.1 -157.5
5
54
155
408
415
751
56
0
0
-90.8 -167.75
5
57
614
894
895
896
57
0
0
-103.9 -168.25
2
56
58
58
0
0
-107.2 -167.75
3
57
586
641
59
0
0
177.9 -22.15
4
60
307
343
1048
60
0
0
182 -24.65
3
59
1093
1095
61
0
0
-552 -1.75
6
314
315
353
600
698
699
62
0
0
-511.6 -200
7
10
223
224
383
400
401
402
63
0
0
-722.75 -149.75
4
65
328
1082
1083
64
0
0
-722.75 -152
9
44
65
328
389
394
395
1082
1083
1136
65
0
0
-692.75 -150.75
4
63
64
197
1133
66
0
0
-299.55 -136.25
6
12
67
300
301
543
736
67
0
0
-315.1 -141.25
4
66
543
879
966
68
0
0
-813 -24.25
4
446
447
468
470
69
0
0
-806.75 -200
5
22
89
826
827
828
70
0
0
-786 -200
5
89
137
138
139
829
71
0
0
-971.25 -47.25
4
725
985
1109
1110
72
0
0
-207.65 -12.5
6
73
281
622
881
1005
1087
73
0
0
-200.3 -17.5
3
72
605
607
74
0
0
-216 -154
4
77
205
763
765
75
0
0
-231.85 -152.25
9
13
21
121
420
421
762
763
764
1070
76
0
0
-229.5 -160
7
45
46
77
420
421
422
722
77
0
0
-216 -159
4
46
74
76
205
78
0
0
-993 -22
4
79
123
549
985
79
0
0
-1001.75 -19.5
6
78
210
250
251
265
985
80
0
0
-878 -168.25
2
145
766
81
0
0
-878 -161.5
2
145
769
82
0
0
56.835 -1.15
3
86
1019
1021
83
0
0
53.635 -9.5
5
84
682
1018
1019
1020
84
0
0
57.335 -9.5
2
83
85
85
0
0
57.835 -9
2
84
972
86
0
0
57.77 -3.65
3
82
972
1123
87
0
0
-763.25 -176.25
7
37
88
332
335
808
809
810
88
0
0
-777 -176.75
2
87
89
89
0
0
-795 -176.25
7
22
69
70
88
191
192
810
90
0
0
-895 -2.25
4
109
129
797
800
91
0
0
-1154 -22
5
50
92
453
1126
1128
92
0
0
-1162.25 -19.5
5
50
91
141
142
356
93
0
0
53.2 -167.75
3
20
95
238
94
0
0
83.7 -167.75
4
95
238
239
803
95
0
0
56.9 -168.25
2
93
94
96
0
0
-783 -24.25
6
143
144
460
461
469
470
97
0
0
114.45 -12.5
6
98
162
968
987
999
1061
98
0
0
123.9 -17.5
5
97
324
325
431
433
99
0
0
-40 30
2
489
862
100
0
0
-1056 -163.25
3
511
948
1028
101
0
0
-956 -168.5
5
126
257
279
318
319
102
0
0
-960 -113.5
5
218
233
279
280
318
103
0
0
-114.6 -12.5
7
104
133
193
194
710
718
931
104
0
0
-124.2 -17.5
4
103
607
845
847
105
0
0
0 -113.5
3
107
1011
1013
106
0
0
-39.3 -132
3
107
1012
1147
107
0
0
-47.15 -127
3
105
106
1147
108
0
0
-907.25 0.25
4
234
235
260
723
109
0
0
-899.5 0.25
4
90
234
235
260
110
0
0
81.265 -3.6
4
164
201
973
1124
111
0
0
-687.5 -12.5
5
112
295
672
760
924
112
0
0
-680 -17.5
3
111
115
253
113
0
0
205.25 -22.15
3
114
307
308
114
0
0
200 -24.65
3
113
1094
1095
115
0
0
-673.75 -21.75
3
112
116
253
116
0
0
-672 -24.25
5
115
202
713
781
784
117
0
0
-706.5 -165.75
3
15
118
391
118
0
0
-710 -168.25
2
117
119
119
0
0
-714 -165.75
3
23
118
391
120
0
0
-254 -163.25
3
500
1067
1070
121
0
0
-255.35 -152
6
11
14
75
499
500
1070
122
0
0
-94.2 -2.25
5
131
573
708
852
981
123
0
0
-989.75 -36.75
4
78
124
549
985
124
0
0
-982 -41.75
4
123
510
985
1110
125
0
0
-414.8 -2.25
2
276
348
126
0
0
-946 -200
3
101
128
279
127
0
0
-920.5 -200
6
128
279
280
554
555
556
128
0
0
-936 -205
2
126
127
129
0
0
-886.5 -4.75
5
90
130
797
798
799
130
0
0
-878 -7.25
2
129
398
131
0
0
-99.05 -6.75
3
122
132
708
132
0
0
-103.9 -7.25
2
131
133
133
0
0
-107.2 -6.75
3
103
132
710
134
0
0
-549.25 -161
9
9
135
149
181
184
950
951
1053
1054
135
0
0
-569 -161.5
3
134
136
1053
136
0
0
-579.75 -161
4
135
149
1023
1053
137
0
0
-777.25 -202.75
3
70
139
140
138
0
0
-777.25 -208.25
3
70
139
140
139
0
0
-779.75 -206
3
70
137
138
140
0
0
-772.25 -205
3
37
137
138
141
0
0
-1162 9.75
3
92
142
356
142
0
0
-1168.5 14.75
3
92
141
225
143
0
0
-778 -47.25
3
96
144
458
144
0
0
-780.5 -45
3
96
143
461
145
0
0
-884 -164.25
4
80
81
146
438
146
0
0
-890 -164.75
3
145
286
288
147
0
0
-488.9 -195
5
148
214
382
383
646
148
0
0
-475.5 -195
5
147
171
214
217
646
149
0
0
-575.25 -155.5
6
134
136
150
686
951
1023
150
0
0
-577.75 -151
3
149
151
686
151
0
0
-575.25 -149.75
3
150
686
953
152
0
0
-434.9 -12.5
7
347
425
562
563
582
1112
1114
153
0
0
-146.3 -182.75
4
154
706
707
1029
154
0
0
-142.2 -185.25
3
153
442
640
155
0
0
-415.75 -152
5
55
156
415
691
976
156
0
0
-418.25 -151
3
155
157
415
157
0
0
-415.75 -149.75
3
156
415
978
158
0
0
-1042.75 -149.75
4
48
160
448
449
159
0
0
-1042.75 -152
8
48
160
448
449
484
947
948
1025
160
0
0
-1012.75 -150.75
4
158
159
218
484
161
0
0
-800 -113.5
5
187
328
329
1129
1132
162
0
0
107.605 3.325
4
97
968
969
998
163
0
0
104.71 2.825
1
998
164
0
0
92.07 3.325
4
110
969
998
1124
165
0
0
5.1 -41.65
2
166
360
166
0
0
5.7 -44.15
3
165
1116
1118
167
0
0
-491.5 -47.25
3
168
464
465
168
0
0
-451.4 -12.5
8
167
179
426
910
992
994
1111
1114
169
0
0
-440.65 -200
3
170
172
727
170
0
0
-460.9 -205
4
169
171
172
217
171
0
0
-465.9 -195
6
148
170
172
645
646
726
172
0
0
-456.3 -195
6
169
170
171
726
727
728
173
0
0
-383.3 -2.25
2
651
936
174
0
0
-1088.75 -182.75
5
176
370
372
961
1100
175
0
0
-1083.25 -182.75
3
48
176
961
176
0
0
-1086 -185.25
2
174
175
177
0
0
-796 -151.25
3
192
329
1129
178
0
0
-796 -132
2
329
1129
179
0
0
-461.75 -36.75
8
168
180
465
908
909
991
992
993
180
0
0
-475.5 -41.75
4
179
464
465
704
181
0
0
-532.25 -165.75
4
9
134
182
184
182
0
0
-541.5 -167.75
3
25
181
183
183
0
0
-544 -166
2
182
184
184
0
0
-541.5 -164
3
134
181
183
185
0
0
-160 -113.5
4
186
198
247
249
186
0
0
-114.6 -127
3
185
914
1030
187
0
0
-848 -136.25
6
34
161
242
1032
1033
1049
188
0
0
-1131.75 47.5
4
52
189
225
226
189
0
0
-1102.75 34
4
188
190
340
452
190
0
0
-1117 29
3
189
226
358
191
0
0
-783 -161.5
3
89
192
810
192
0
0
-798 -159
6
22
89
177
191
329
1129
193
0
0
-82.15 11.25
4
103
195
931
932
194
0
0
-82.14999 9
9
103
195
228
708
710
931
932
980
981
195
0
0
-52.15 10.25
4
29
193
194
490
196
0
0
-640 -113.5
4
197
384
686
687
197
0
0
-687.5 -136.25
6
65
196
219
220
737
1133
198
0
0
-207.55 -127
3
185
199
205
199
0
0
-200.1 -132
2
198
249
200
0
0
83.10001 -9.55
0
201
0
0
83.10001 -3.15
2
110
1001
202
0
0
-642 -47.25
5
116
336
399
713
714
203
0
0
-1143 -205
2
204
246
204
0
0
-1159 -200
4
203
1148
1149
1150
205
0
0
-207.65 -173.5
6
46
74
77
198
206
765
206
0
0
-200.3 -178.5
4
205
466
626
629
207
0
0
-800 47.5
4
208
436
486
488
208
0
0
-848 24.75
7
4
207
538
540
837
838
1007
209
0
0
-1042.75 11.25
4
53
210
667
668
210
0
0
-1012.75 2
8
79
209
250
322
513
514
821
822
211
0
0
160 47.5
4
212
580
1061
1062
212
0
0
207.5 35
3
211
213
308
213
0
0
200 30
3
212
305
580
214
0
0
-484.7 -202.75
5
147
148
216
217
403
215
0
0
-484.7 -208.25
3
216
217
403
216
0
0
-487.2 -206
3
214
215
403
217
0
0
-471.3 -205
4
148
170
214
215
218
0
0
-1008 -163.5
5
102
160
373
374
484
219
0
0
-680 -151.25
3
197
384
737
220
0
0
-680 -132
2
197
384
221
0
0
-480 -113.5
4
674
675
778
780
222
0
0
-475.9 -132
2
675
780
223
0
0
-512.9 -175.25
3
62
224
383
224
0
0
-514.65 -172.75
4
10
62
223
849
225
0
0
-1168 34
3
142
188
227
226
0
0
-1139 34
5
188
190
227
355
358
227
0
1
-1161 29
3
225
226
355
228
0
0
-58.25 7.5
4
29
194
229
231
229
0
0
-54.95 0.9999999
3
29
228
230
230
0
0
-56.1 0.5
2
229
231
231
0
0
-59.4 1
4
17
31
228
230
232
0
0
-989.25 -142
3
233
258
576
233
0
0
-986.75 -129.25
4
102
232
318
374
234
0
0
-904 -7.25
2
108
109
235
0
0
-904 -1
2
108
109
236
0
0
-228.9 -7.25
2
282
429
237
0
0
-254 1
4
418
817
989
1090
238
0
0
75.745 -166
7
20
93
94
695
905
906
907
239
0
0
108.245 -157.75
5
94
342
697
803
905
240
0
0
-823 -172.75
6
22
41
42
241
1129
1130
241
0
0
-833 -175.25
3
42
240
242
242
0
0
-841.75 -172.75
6
32
42
187
241
1032
1130
243
0
0
-941.25 14.75
5
244
274
296
550
725
244
0
0
-955 9.75
3
243
264
550
245
0
0
-1116 -205
2
246
1102
246
0
0
-1129.5 -200
5
203
245
669
670
1149
247
0
0
-139.75 -127
6
185
248
911
912
913
1029
248
0
0
-155.3 -132
2
247
249
249
0
0
-177.7 -127
5
185
199
248
552
1014
250
0
0
-1008 14.75
4
79
210
251
311
251
0
0
-1001 9.75
3
79
250
265
252
0
0
-666.25 21.75
3
254
877
997
253
0
0
-666.25 12
5
112
115
254
781
997
254
0
0
-668.75 19
2
252
253
255
0
0
-652 -22
6
339
344
346
714
781
782
256
0
0
-977.25 -205
2
257
572
257
0
0
-969 -200
5
101
256
319
320
321
258
0
0
-982.25 -166.25
5
232
318
321
576
577
259
0
0
-895.75 11.25
3
261
723
1010
260
0
0
-895.75 9
6
108
109
261
262
723
1008
261
0
0
-898.25 10
3
259
260
723
262
0
0
-879 7
5
260
619
621
800
1008
263
0
0
-878 -0.5
2
621
798
264
0
0
-968.75 14.75
7
244
265
267
275
312
549
550
265
0
0
-986.75 12
5
79
251
264
266
549
266
0
0
-989.25 19
2
265
267
267
0
0
-986.75 21.75
3
264
266
312
268
0
0
-95.45 -149.75
3
269
270
1030
269
0
0
-97.95 -151
4
268
588
589
1030
270
0
0
-72.05 -152.25
9
38
39
268
496
497
498
589
1056
1060
271
0
0
13.75 38.05
4
26
272
463
683
272
0
0
11.25 30.6
3
271
463
505
273
0
0
-971.25 47.5
4
274
311
312
939
274
0
0
-941.75 34
4
243
273
275
942
275
0
0
-956 29
3
264
274
312
276
0
0
-406.55 -1.25
3
125
277
278
277
0
0
-398.3 -3.75
2
276
938
278
0
0
-399.05 7
4
276
563
936
938
279
0
0
-940.5 -153.5
9
101
102
126
127
554
557
774
775
776
280
0
0
-915 -153.5
10
102
127
285
288
439
555
557
634
637
777
281
0
0
-212.05 -4.75
4
72
282
284
1087
282
0
0
-221.25 -6.75
3
236
281
283
283
0
0
-223.75 -5
2
282
284
284
0
0
-221.25 -3
3
281
283
1087
285
0
0
-907.25 -167.75
3
280
287
288
286
0
0
-897 -167.75
3
146
287
288
287
0
0
-904 -168.25
2
285
286
288
0
0
-900.25 -163
6
146
280
285
286
438
439
289
0
0
-1088.75 -21.75
4
291
451
452
639
290
0
0
-1083.25 -21.75
3
53
291
639
291
0
0
-1086 -24.25
2
289
290
292
0
0
-718 -7.25
2
302
671
293
0
0
-718 -0.5
2
474
923
294
0
0
-722.75 11.25
4
295
380
567
568
295
0
0
-692.75 8.75
6
111
294
405
617
618
924
296
0
0
-937.5 -11.75
4
243
297
508
725
297
0
0
-943 -14.25
3
296
508
550
298
0
0
-349.05 -200
3
35
299
542
299
0
0
-341.5 -205
2
298
597
300
0
0
-284 -178.5
5
11
66
611
734
736
301
0
0
-284 -132
2
11
66
302
0
0
-731.5 -6.75
6
292
303
406
473
474
475
303
0
0
-745 -7.25
2
302
304
304
0
0
-747.75 -6.75
3
303
406
934
305
0
0
200 20
4
213
306
307
308
306
0
0
184.65 20
3
305
307
580
307
0
0
189.65 10.35
7
59
113
305
306
308
343
1095
308
0
0
207.5 15.35
4
113
212
305
307
309
0
0
-584 -7.25
2
310
316
310
0
0
-587.25 -6.75
3
8
309
377
311
0
0
-1008 34
3
250
273
313
312
0
0
-978.5 34
5
264
267
273
275
313
313
0
0
-1001 29
2
311
312
314
0
0
-555 -3.5
3
61
315
353
315
0
0
-555 -6.75
3
61
314
316
316
0
0
-570.5 -7.25
3
309
315
317
317
0
0
-571 -6
4
316
377
378
379
318
0
0
-969.25 -136.25
6
101
102
233
258
319
321
319
0
0
-966.75 -172.75
4
101
257
318
320
320
0
0
-973 -175.25
3
257
319
321
321
0
0
-975.5 -172.75
4
257
258
318
320
322
0
0
-1022.5 -4.75
4
210
323
514
515
323
0
0
-1030 -7.25
2
322
824
324
0
0
137.65 -47.3
3
98
325
519
325
0
0
135.15 -44.1
5
98
324
431
432
521
326
0
0
-480 47.5
4
425
428
608
609
327
0
0
-475.9 29
4
426
427
428
609
328
0
0
-755 -136.25
8
44
63
64
161
792
793
808
1082
329
0
0
-780.5 -136.25
7
161
177
178
192
792
793
810
330
0
0
-737 -161
6
43
331
335
389
390
395
331
0
0
-730 -161.5
3
330
335
392
332
0
0
-747.75 -167.75
3
87
334
335
333
0
0
-731.5 -167.75
3
23
334
335
334
0
0
-745 -168.25
2
332
333
335
0
0
-734.25 -164.5
8
43
44
87
330
331
332
333
392
336
0
0
-611.75 -44
3
202
337
339
337
0
0
-610 -39
3
336
338
477
338
0
0
-610.75 -11.75
5
337
477
593
594
995
339
0
0
-632 -41.75
6
255
336
345
346
399
714
340
0
0
-1102.25 14.75
6
189
341
452
454
1064
1065
341
0
0
-1116 9.75
3
340
358
1064
342
0
0
78.245 -149.75
4
20
239
711
712
343
0
0
169.3 -6.8
4
59
307
729
730
344
0
0
-636.25 -11.75
8
255
345
346
593
596
995
996
997
345
0
0
-625.5 -34
2
339
344
346
0
0
-645.75 -34
3
255
339
344
347
0
0
-427.1 0.25
3
152
349
563
348
0
0
-419.25 0.25
3
125
349
563
349
0
0
-423.7 -2.25
2
347
348
350
0
0
-622 -175.25
4
351
411
584
1022
351
0
0
-637 -172.75
7
51
350
384
471
584
687
888
352
0
0
-558 -0.5
2
353
378
353
0
0
-555 2
4
61
314
352
702
354
0
0
-475.5 -7.5
4
835
884
908
910
355
0
0
-1147.75 21.75
4
226
227
357
358
356
0
0
-1147.75 12
5
92
141
357
358
1126
357
0
0
-1150.25 19
2
355
356
358
0
0
-1129.75 14.75
7
190
226
341
355
356
1064
1126
359
0
0
-3.75 -44.3
3
360
745
1139
360
0
0
1.25 -39.3
5
165
359
502
559
561
361
0
0
-8.75 8.200001
8
26
463
558
559
560
789
859
860
362
0
0
-822.75 -202.75
3
42
364
365
363
0
0
-822.75 -208.25
3
42
364
365
364
0
0
-825.25 -206
3
42
362
363
365
0
0
-817.75 -205
3
41
362
363
366
0
0
144.15 22.4
3
367
729
1062
367
0
0
135.4 21.9
3
366
433
1062
368
0
0
-1104 -175.25
4
369
372
669
1102
369
0
0
-1100.5 -176.25
4
368
371
372
1102
370
0
0
-1093.75 -176.25
4
174
371
372
1100
371
0
0
-1097 -176.75
2
369
370
372
0
0
-1097.25 -159
5
174
368
369
370
590
373
0
0
-1001 -178.5
6
218
569
570
571
576
579
374
0
0
-1001 -132
2
218
233
375
0
0
-20.9 -205
2
376
507
376
0
0
-37.95 -200
4
375
440
441
525
377
0
0
-579.75 -2
7
8
310
317
379
902
926
927
378
0
0
-563.5 -2
4
317
352
379
926
379
0
0
-569 -2.5
3
317
377
378
380
0
0
-755 14.75
6
294
381
404
436
567
934
381
0
0
-765 9.75
4
380
933
934
1085
382
0
0
-492.9 -175.25
3
147
383
646
383
0
0
-502.9 -172.75
6
62
147
223
382
849
1004
384
0
0
-657.5 -136.25
8
196
219
220
351
471
472
737
738
385
0
0
207.5 -163.5
4
1
387
545
546
386
0
0
197.25 -182.75
3
388
481
546
387
0
0
202.75 -182.75
3
385
388
546
388
0
0
200 -185.25
2
386
387
389
0
0
-739.5 -156
4
43
64
330
390
390
0
0
-735 -158.5
3
330
389
395
391
0
0
-710.5 -161
7
15
117
119
392
856
857
858
392
0
0
-723.5 -161.5
4
331
335
391
393
393
0
0
-724 -160
2
392
395
394
0
0
-711 -154
4
64
395
856
858
395
0
0
-726.5 -156
5
64
330
390
393
394
396
0
0
-866.5 -4.75
3
28
397
619
397
0
0
-870 -7.25
2
396
398
398
0
0
-874 -4.75
5
130
397
619
620
621
399
0
0
-624.5 -45
2
202
339
400
0
0
-502.85 -202.75
3
62
402
403
401
0
0
-502.85 -208.25
3
62
402
403
402
0
0
-505.35 -206
3
62
400
401
403
0
0
-497.85 -205
5
214
215
216
400
401
404
0
0
-742.75 7.5
4
380
405
407
567
405
0
0
-715.5 9
5
295
404
567
568
618
406
0
0
-742.25 -1
6
302
304
407
473
476
934
407
0
0
-742.75 4.5
3
404
406
934
408
0
0
-414.4 -165.75
7
54
55
410
688
689
690
727
409
0
0
-394 -165.75
3
7
410
689
410
0
0
-398.3 -168.25
2
408
409
411
0
0
-619 -176.25
3
350
413
1022
412
0
0
-602.75 -176.25
6
18
413
1022
1023
1024
1053
413
0
0
-616 -176.75
2
411
412
414
0
0
-1039 -0.5
2
515
916
415
0
0
-434.9 -146.25
7
55
155
156
157
416
751
778
416
0
0
-444.8 -151.25
4
415
750
751
1002
417
0
0
-266.65 3.5
5
419
516
565
647
817
418
0
0
-258.4 3.5
4
237
419
516
817
419
0
0
-262.8 1
3
417
418
817
420
0
0
-234.75 -156.5
3
75
76
422
421
0
0
-227.25 -156.5
3
75
76
422
422
0
0
-232 -157
3
76
420
421
423
0
0
-65.9 -4.75
3
17
424
982
424
0
0
-69.1 -7.25
2
423
574
425
0
0
-436.15 34
4
152
326
426
428
426
0
0
-456.5999 26.75
5
168
327
425
427
910
427
0
0
-459.1 30
3
327
426
428
428
0
0
-456.5999 37.25
4
326
327
425
427
429
0
0
-233.2 -4.75
3
236
430
1087
430
0
0
-237.5 -7.25
2
429
818
431
0
0
130.15 -18.95
4
98
325
432
433
432
0
0
131.9 -21.45
4
325
431
521
522
433
0
0
137.65 12.25
6
98
367
431
522
523
729
434
0
0
-799.25 26.75
5
435
436
838
1084
1085
435
0
0
-801.75 30
5
434
486
487
488
838
436
0
0
-756.25 34
4
207
380
434
486
437
0
0
-879 -154
4
33
438
1034
1035
438
0
0
-886.5 -157.5
4
145
288
437
439
439
0
0
-902.25 -158.5
5
280
288
438
637
638
440
0
0
-31.5 -175.25
3
376
441
525
441
0
0
-41 -172.75
4
376
440
746
1147
442
0
0
-141.2 -200
5
154
640
897
898
899
443
0
0
-120.35 -200
4
640
641
642
900
444
0
0
162.05 -127
7
1
481
530
545
807
867
890
445
0
0
-829.75 -39
5
5
447
871
872
873
446
0
0
-815.25 -39
3
68
447
874
447
0
0
-823 -11.75
5
5
68
445
446
1084
448
0
0
-1058.75 -151
3
48
158
159
449
0
0
-1031.5 -151
2
158
159
450
0
0
-1092.75 -44
3
27
451
453
451
0
0
-1091.5 -39
3
289
450
452
452
0
0
-1092.25 7.5
10
52
189
289
340
451
454
639
1104
1105
1106
453
0
0
-1123.5 -41.75
10
50
91
450
536
643
644
843
844
1127
1128
454
0
0
-1097.75 -11.75
3
340
452
1065
455
0
0
-40 -44.3
5
491
493
494
744
745
456
0
0
-35.8 -6.799998
4
492
493
791
862
457
0
0
-19.55 -33.6
4
745
789
790
791
458
0
0
-772.25 -44
3
143
459
461
459
0
0
-760.5 -39
4
458
933
934
935
460
0
0
-781.75 -16.75
5
96
461
1074
1077
1085
461
0
0
-778 -41.75
4
96
144
458
460
462
0
0
-302 -24.25
4
756
757
919
922
463
0
0
0 30
4
271
272
361
505
464
0
0
-503.55 -45
5
167
180
703
704
705
465
0
0
-465.05 -45
3
167
179
180
466
0
0
-191 -200
7
206
626
627
628
655
656
657
467
0
0
-168.3 -200
5
658
706
1015
1016
1017
468
0
0
-806.75 -39
5
68
470
954
955
956
469
0
0
-787.25 -39
3
96
470
957
470
0
0
-798 -11.75
7
68
96
468
469
1084
1085
1086
471
0
0
-635 -151.25
3
351
384
687
472
0
0
-635 -132
2
384
687
473
0
0
-732.5 -2
4
302
406
475
476
474
0
0
-724 -2
4
293
302
475
476
475
0
0
-730 -2.5
3
302
473
474
476
0
0
-726.5 3.5
4
406
473
474
616
477
0
0
-606.75 -21.75
4
337
338
479
480
478
0
0
-601.25 -21.75
3
8
479
480
479
0
0
-604 -24.25
2
477
478
480
0
0
-604 9.75
4
8
477
478
995
481
0
0
193.4 -173.5
7
386
444
482
546
715
867
868
482
0
0
183.05 -208.25
3
481
483
1107
483
0
0
180.55 -206
3
482
717
1107
484
0
0
-1016.75 -160.75
4
159
160
218
485
485
0
0
-1024 -163.25
3
484
1026
1071
486
0
0
-776.75 37.25
4
207
435
436
487
487
0
0
-796 32.25
3
435
486
488
488
0
0
-818.5 37.25
4
207
435
487
838
489
0
0
-45.1 14.8
3
99
490
492
490
0
0
-47.6 14.3
5
26
29
195
489
491
491
0
0
-47.5 -33.2
3
455
490
494
492
0
0
-40.8 -0.1999998
3
456
489
493
493
0
0
-38.4 -27
4
455
456
492
494
494
0
0
-42.6 -27.5
3
455
491
493
495
0
0
-52.15 -150.75
4
496
498
661
1147
496
0
0
-58.75 -152
4
270
495
497
661
497
0
0
-61.25 -151
3
270
496
498
498
0
0
-58.75 -149.75
3
270
495
497
499
0
0
-266.65 -160.75
3
11
121
501
500
0
0
-258.4 -160.75
3
120
121
501
501
0
0
-262.8 -163.25
2
499
500
502
0
0
10.95 -26.85
5
360
504
505
561
1118
503
0
0
20.2 -26.85
5
504
505
683
1115
1118
504
0
0
17.4 -29.35
3
502
503
1118
505
0
0
13.75 4.850001
6
272
463
502
503
561
683
506
0
0
30.85 -200
3
529
630
741
507
0
0
2.1 -200
7
375
524
525
526
527
528
740
508
0
0
-941.25 -36.75
6
296
297
509
550
725
1109
509
0
0
-955 -41.75
4
508
510
1109
1110
510
0
0
-968.5 -36.75
6
124
509
549
550
551
1110
511
0
0
-1047.5 -165.75
3
100
512
1028
512
0
0
-1039 -168.25
2
511
1073
513
0
0
-1020 9
4
210
665
668
821
514
0
0
-1019.5 2
5
210
322
515
822
823
515
0
0
-1031 1
7
322
414
514
692
693
694
824
516
0
0
-255.35 9
6
417
418
517
623
647
1090
517
0
0
-257.85 10
3
516
518
647
518
0
0
-255.35 11.25
3
517
625
647
519
0
0
146.95 -44.3
3
324
520
521
520
0
0
155.9 -39.29999
8
0
519
730
731
732
1045
1046
1047
521
0
0
139.4 -41.1
4
325
432
519
522
522
0
0
134.95 -16.45
4
432
433
521
523
523
0
0
141.95 -11.45
3
433
522
732
524
0
0
-11.5 -175.25
4
507
525
740
743
525
0
0
-21.5 -172.75
5
376
440
507
524
1147
526
0
0
24.25 -202.75
3
507
528
529
527
0
0
24.25 -208.25
3
507
528
529
528
0
0
21.75 -206
3
507
526
527
529
0
0
29.25 -205
3
506
526
527
530
0
0
138 -139.25
4
444
531
806
890
531
0
0
135.5 -142
4
530
678
806
943
532
0
0
-1162 -151.25
3
533
592
1148
533
0
0
-1168.5 -146.25
3
532
1142
1148
534
0
0
-160 47.5
4
718
720
881
882
535
0
0
-155.3 29
3
607
720
882
536
0
0
-1134 -19.25
5
453
643
1064
1126
1127
537
0
0
-860 -0.75
3
28
539
540
538
0
0
-853.25 -0.75
4
4
208
539
540
539
0
0
-857 -1.25
2
537
538
540
0
0
-856.25 7.5
5
208
537
538
1007
1008
541
0
0
-302 -175.25
4
543
613
733
736
542
0
0
-342.1 -172.75
5
35
298
544
597
879
543
0
0
-317.05 -172.75
7
66
67
541
544
597
613
879
544
0
0
-332.1 -175.25
3
542
543
597
545
0
0
200 -132
2
385
444
546
0
0
200 -151.25
4
385
386
387
481
547
0
0
-521.7 -11.75
7
548
601
700
703
834
835
836
548
0
0
-512.9 -14.25
3
547
703
886
549
0
0
-983 -11.75
6
78
123
264
265
510
551
550
0
0
-958 -11.75
7
243
244
264
297
508
510
551
551
0
0
-973 -14.25
3
510
549
550
552
0
0
-186.3 -139.25
3
249
553
1014
553
0
0
-188.8 -142
2
552
629
554
0
0
-927.75 -172.75
4
127
279
556
557
555
0
0
-922.25 -172.75
4
127
280
556
557
556
0
0
-925 -175.25
3
127
554
555
557
0
0
-925 -151.25
4
279
280
554
555
558
0
0
-1.3 4.55
3
361
560
561
559
0
0
-1.3 -17.75
4
360
361
560
561
560
0
0
-3.8 -6.399999
3
361
558
559
561
0
0
3.7 -6.799997
5
360
502
505
558
559
562
0
0
-402.45 11.25
4
152
564
582
583
563
0
0
-402.45 9
8
152
278
347
348
564
582
583
654
564
0
0
-372.45 10.25
4
562
563
654
1041
565
0
0
-276.75 -21.75
6
417
566
647
648
817
820
566
0
0
-284 -24.25
3
565
920
922
567
0
0
-738.25 10
4
294
380
404
405
568
0
0
-711 10
2
294
405
569
0
0
-987.25 -202.75
6
373
571
572
577
578
579
570
0
0
-987.25 -208.25
3
373
571
572
571
0
0
-989.75 -206
3
373
569
570
572
0
0
-978 -205
3
256
569
570
573
0
0
-85.95 -4.75
5
122
575
851
852
983
574
0
0
-73.39999 -4.75
3
424
575
982
575
0
0
-77.7 -7.25
2
573
574
576
0
0
-991.5 -149
5
232
258
373
577
579
577
0
0
-989.75 -177.75
4
258
569
576
578
578
0
0
-993 -180.25
3
569
577
579
579
0
0
-994.75 -177.75
4
373
569
576
578
580
0
0
184.45 35
4
211
213
306
581
581
0
0
168.9 30
2
580
1062
582
0
0
-418.25 10
3
152
562
563
583
0
0
-390.7 10
2
562
563
584
0
0
-625.5 -200
4
19
350
351
585
585
0
0
-635 -205
2
584
888
586
0
0
-106.3 -162
5
58
587
641
894
1059
587
0
0
-106.8 -156.5
3
586
588
641
588
0
0
-106.8 -153.5
4
269
587
589
1030
589
0
0
-92.25001 -152
5
269
270
588
1056
1057
590
0
0
-1101 -146.25
5
372
591
649
669
961
591
0
0
-1116 -151.25
3
590
592
669
592
0
0
-1139 -146.25
8
532
591
650
669
1143
1144
1148
1149
593
0
0
-616.75 2
5
338
344
594
596
995
594
0
0
-614 -15.25
3
338
593
595
595
0
0
-616 -15.75
2
594
596
596
0
0
-618.75 -15.25
3
344
593
595
597
0
0
-328.1 -200
7
299
542
543
544
811
812
813
598
0
0
-640 47.5
4
599
760
875
877
599
0
0
-594.5 34
3
8
598
788
600
0
0
-550.5 -4.75
3
61
602
699
601
0
0
-539.25 -4.75
4
547
602
699
700
602
0
0
-549 -7.25
2
600
601
603
0
0
-325.85 -21.75
4
604
753
754
1119
604
0
0
-332.1 -24.25
3
603
839
840
605
0
0
-194.05 -21.75
3
73
606
607
606
0
0
-192.3 -24.25
3
605
847
958
607
0
0
-162.25 14.75
7
73
104
535
605
720
847
882
608
0
0
-527.85 34
3
326
610
834
609
0
0
-498.3 34
4
326
327
610
835
610
0
0
-520.7 29
2
608
609
611
0
0
-289.75 -200
3
300
612
734
612
0
0
-295.5 -205
2
611
613
613
0
0
-305.1 -200
5
541
543
612
733
814
614
0
0
-77.7 -168.25
2
56
830
615
0
0
-77.7 -161.5
2
833
895
616
0
0
-716 6
4
476
618
923
924
617
0
0
-696 6
3
295
618
924
618
0
0
-715 7.5
4
295
405
616
617
619
0
0
-868 2
5
28
262
396
398
620
620
0
0
-873 1.5
3
398
619
621
621
0
0
-875.5 2
4
262
263
398
620
622
0
0
-212.05 10.25
4
72
623
625
1005
623
0
0
-227.4 9
6
516
622
624
1005
1090
1091
624
0
0
-229.9 10
2
623
625
625
0
0
-227.4 11.25
3
518
622
624
626
0
0
-194.05 -172.75
4
206
466
628
629
627
0
0
-184.55 -172.75
4
466
628
629
1017
628
0
0
-192.3 -175.25
3
466
626
627
629
0
0
-186.3 -149
5
206
553
626
627
1014
630
0
0
33.85 -182.75
5
506
632
633
741
743
631
0
0
39.35 -182.75
3
20
632
633
632
0
0
36.6 -185.25
2
630
631
633
0
0
36.6 -151.25
4
20
630
631
1145
634
0
0
-907.25 -152.25
3
280
635
637
635
0
0
-900 -150.75
5
634
636
1035
1036
1037
636
0
0
-899.5 -154
2
635
638
637
0
0
-907.25 -156.5
3
280
439
634
638
0
0
-899.5 -156.5
2
439
636
639
0
0
-1086 9.75
4
53
289
290
452
640
0
0
-133.2 -172.75
6
154
442
443
642
1029
1031
641
0
0
-116.85 -172.75
7
58
443
586
587
642
1030
1031
642
0
0
-124.2 -175.25
3
443
640
641
643
0
0
-1127.25 -34
3
453
536
1064
644
0
0
-1106.5 -34
4
453
1064
1065
1066
645
0
0
-462.8 -175.25
4
171
646
726
750
646
0
0
-477.85 -172.75
8
147
148
171
382
645
1002
1003
1004
647
0
0
-274.5 14.75
7
417
516
517
518
565
648
770
648
0
0
-284 9.75
3
565
647
922
649
0
0
-1101.5 -127
4
49
590
650
960
650
0
0
-1117 -132
3
592
649
1143
651
0
0
-380 -0.75
3
173
653
654
652
0
0
-373.1 -0.75
5
653
654
795
796
1041
653
0
0
-376.7 -1.25
2
651
652
654
0
0
-376.4 7.5
5
563
564
651
652
1041
655
0
0
-182.25 -202.75
3
466
657
658
656
0
0
-182.25 -208.25
3
466
657
658
657
0
0
-184.75 -206
3
466
655
656
658
0
0
-177.25 -205
3
467
655
656
659
0
0
-59.4 -155
2
661
749
660
0
0
-52.8 -155
4
661
746
749
1147
661
0
0
-56.1 -153.5
5
495
496
659
660
1147
662
0
0
-1063.25 4.5
3
53
663
664
663
0
0
-1062.75 1
5
53
662
863
915
918
664
0
0
-1063.25 7.5
4
53
662
665
667
665
0
0
-1040.5 9
5
513
664
666
667
668
666
0
0
-1040 7
4
665
692
693
915
667
0
0
-1058.75 10
4
53
209
664
665
668
0
0
-1031.5 10
3
209
513
665
669
0
0
-1119 -172.75
7
246
368
590
591
592
670
1102
670
0
0
-1134 -175.25
3
246
669
1149
671
0
0
-714 -4.75
5
292
673
923
924
925
672
0
0
-699.75 -4.75
3
111
673
924
673
0
0
-710 -7.25
2
671
672
674
0
0
-527.85 -127
3
9
221
676
675
0
0
-498.3 -127
5
221
222
676
848
1004
676
0
0
-520.7 -132
2
674
675
677
0
0
138 -205
5
679
806
944
945
946
678
0
0
142.2 -166.25
5
531
679
890
943
944
679
0
0
142.2 -195
3
677
678
944
680
0
0
155.9 -200
5
681
891
892
893
1107
681
0
0
147.2 -205
1
680
682
0
0
47.5 5.85
10
2
3
24
26
83
815
816
1018
1021
1115
683
0
0
28.75 5.85
7
26
271
503
505
815
816
1115
684
0
0
-575.25 11.25
3
8
685
702
685
0
0
-577.75 10
4
8
684
903
904
686
0
0
-594.5 -136.25
7
149
150
151
196
1023
1137
1138
687
0
0
-619.5 -136.25
7
196
351
471
472
1022
1137
1138
688
0
0
-416.85 -161
4
54
408
690
691
689
0
0
-389.75 -161
6
6
36
408
409
690
691
690
0
0
-410 -161.5
3
408
688
689
691
0
0
-396.6 -156
8
36
54
155
688
689
878
975
976
692
0
0
-1036.5 4.5
3
515
666
694
693
0
0
-1029 4.5
3
515
666
694
694
0
0
-1034 4
3
515
692
693
695
0
0
53.635 -159
4
20
238
696
697
696
0
0
57.77 -161.5
2
695
907
697
0
0
78.245 -152
7
20
239
695
711
712
905
907
698
0
0
-547.5 4.5
3
61
699
702
699
0
0
-547 1
5
61
600
601
698
700
700
0
0
-536.25 2
4
547
601
699
701
701
0
0
-536.25 7
4
700
834
1079
1081
702
0
0
-552 8.75
9
353
684
698
904
926
929
1078
1079
1080
703
0
0
-518.65 -36.75
5
464
547
548
705
886
704
0
0
-488.9 -36.75
6
180
464
705
884
885
886
705
0
0
-502.3 -41.75
3
464
703
704
706
0
0
-154.9 -205
2
153
467
707
0
0
-154.9 -168.5
4
153
1014
1015
1029
708
0
0
-98.65 1.5
4
122
131
194
709
709
0
0
-103.1 -1
2
708
710
710
0
0
-106.8 1.5
4
103
133
194
709
711
0
0
62.465 -151
3
20
342
697
712
0
0
90.71 -151
2
342
697
713
0
0
-667 -45
4
116
202
783
784
714
0
0
-647 -45
4
202
255
339
782
715
0
0
190.35 -184
3
481
716
868
716
0
0
188.4 -184.5
2
715
717
717
0
0
181.1 -184
7
483
716
868
869
870
1107
1108
718
0
0
-114.6 34
3
103
534
719
719
0
0
-124.2 29
2
718
720
720
0
0
-139.75 34
4
534
535
607
719
721
0
0
-237.5 -168.25
2
21
45
722
0
0
-237.5 -161.5
2
21
76
723
0
0
-915 -12.5
6
108
259
260
261
724
940
724
0
0
-925 -17.5
2
723
725
725
0
0
-931.25 -12.5
6
71
243
296
508
724
942
726
0
0
-459.6 -176.25
5
171
172
645
728
750
727
0
0
-442.95 -176.25
7
169
172
408
728
750
751
752
728
0
0
-456.4 -176.75
3
172
726
727
729
0
0
155.35 15.35
6
343
366
433
730
732
1062
730
0
0
158.35 -11.44999
4
343
520
729
731
731
0
0
151.9 -13.95
3
520
730
732
732
0
0
148.9 -11.45
4
520
523
729
731
733
0
0
-298.8 -176.25
4
541
613
735
736
734
0
0
-292.05 -176.25
4
300
611
735
736
735
0
0
-295.6 -176.75
2
733
734
736
0
0
-295.25 -159
5
66
300
541
733
734
737
0
0
-681.25 -172.75
6
197
219
384
739
887
1133
738
0
0
-662 -172.75
5
51
384
739
887
888
739
0
0
-672 -175.25
3
737
738
887
740
0
0
6.75 -176.25
4
507
524
742
743
741
0
0
28.55 -176.25
4
506
630
742
743
742
0
0
25 -176.75
2
740
741
743
0
0
10.3 -159
7
524
630
740
741
1145
1146
1147
744
0
0
-32.55 -47.3
2
455
1140
745
0
0
-20 -41.1
4
359
455
457
1141
746
0
0
-52.15 -162.25
4
441
660
747
749
747
0
0
-58.25 -167.75
3
746
748
831
748
0
0
-60.75 -166
3
747
749
831
749
0
0
-58.25 -160.5
6
659
660
746
748
831
833
750
0
0
-453.8 -159
6
416
645
726
727
752
1002
751
0
0
-437.15 -159
5
55
415
416
727
752
752
0
0
-444.8 -161.5
3
727
750
751
753
0
0
-315.1 -44
3
603
755
758
754
0
0
-319.9 -2.5
6
603
755
853
854
855
1119
755
0
0
-314.9 -34
4
753
754
759
855
756
0
0
-306.3 -11.75
3
462
757
855
757
0
0
-306.1 -39
4
462
756
758
759
758
0
0
-309.9 -44
3
753
757
759
759
0
0
-309.9 -34
3
755
757
758
760
0
0
-687.5 34
3
111
598
761
761
0
0
-680 29
2
760
877
762
0
0
-218.55 -149.75
3
75
764
765
763
0
0
-218.55 -152
4
74
75
764
765
764
0
0
-221.05 -151
3
75
762
763
765
0
0
-212.05 -150.75
4
74
205
762
763
766
0
0
-874 -165.75
3
80
768
769
767
0
0
-866 -165.75
3
32
768
769
768
0
0
-870 -168.25
2
766
767
769
0
0
-870 -160
5
32
33
81
766
767
770
0
0
-275.75 34
4
16
647
771
773
771
0
0
-295.8 26.75
2
770
772
772
0
0
-298.3 30
3
771
773
853
773
0
0
-295.8 37.25
4
16
770
772
853
774
0
0
-926.25 -128.75
3
279
776
777
775
0
0
-926.25 -134.25
3
279
776
777
776
0
0
-928.75 -131
3
279
774
775
777
0
0
-921.25 -132
3
280
774
775
778
0
0
-434.9 -127
3
221
415
779
779
0
0
-444.8 -132
2
778
780
780
0
0
-460.35 -127
4
221
222
779
1002
781
0
0
-662 -11.75
6
116
253
255
782
784
997
782
0
0
-654.75 -36.75
4
255
714
781
783
783
0
0
-662 -41.75
3
713
782
784
784
0
0
-669.25 -36.75
4
116
713
781
783
785
0
0
-605.25 32.25
3
787
788
875
786
0
0
-605.25 26.75
3
787
788
875
787
0
0
-607.75 30
3
785
786
875
788
0
0
-600.25 29
3
599
785
786
789
0
0
-18.25 -16.25
6
361
457
790
860
861
862
790
0
0
-24.5 -18.75
3
457
789
791
791
0
0
-30 -16.25
4
456
457
790
862
792
0
0
-765 -151.25
4
328
329
808
810
793
0
0
-765 -132
2
328
329
794
0
0
-352.1 3
3
795
839
1120
795
0
0
-361.3 3
6
652
794
796
1038
1041
1120
796
0
0
-360.8 -24.25
4
652
795
839
842
797
0
0
-892.5 0
4
90
129
799
800
798
0
0
-884 0
4
129
263
799
800
799
0
0
-890 -0.5
3
129
797
798
800
0
0
-886.5 3.5
4
90
262
797
798
801
0
0
119 -127
2
802
807
802
0
0
114.45 -132
3
1
801
803
803
0
0
114.55 -178.5
4
94
239
802
805
804
0
0
124 -142
3
805
806
807
805
0
0
124 -178.5
3
803
804
806
806
0
0
129 -173.5
7
530
531
677
804
805
943
946
807
0
0
124.1 -132
3
444
801
804
808
0
0
-757.25 -159
5
44
87
328
792
809
809
0
0
-765 -161.5
3
87
808
810
810
0
0
-774 -159
6
87
89
191
329
792
809
811
0
0
-315.5 -202.75
3
597
813
814
812
0
0
-315.5 -208.25
3
597
813
814
813
0
0
-318 -206
3
597
811
812
814
0
0
-310.5 -205
3
613
811
812
815
0
0
40 -9.15
3
682
683
1115
816
0
0
40 30
2
682
683
817
0
0
-254 -3.5
10
237
417
418
419
565
818
820
989
990
1088
818
0
0
-250.6 -6.75
3
430
817
819
819
0
0
-263.7 -7.25
2
818
820
820
0
0
-267.1 -6.75
3
565
817
819
821
0
0
-1019.5 7.5
4
210
513
822
823
822
0
0
-1016 6
3
210
514
821
823
0
0
-1020.5 6
2
514
821
824
0
0
-1034.5 -4.75
3
323
515
825
825
0
0
-1039 -7.25
2
824
864
826
0
0
-796.75 -202.75
3
69
828
829
827
0
0
-796.75 -208.25
3
69
828
829
828
0
0
-799.25 -206
3
69
826
827
829
0
0
-791.75 -205
3
70
826
827
830
0
0
-73.4 -165.75
3
614
832
833
831
0
0
-65.4 -165.75
5
747
748
749
832
833
832
0
0
-69.1 -168.25
2
830
831
833
0
0
-69.7 -160
7
38
39
40
615
749
830
831
834
0
0
-527.95 14.75
5
547
608
701
836
1081
835
0
0
-498.2 14.75
6
354
547
609
836
884
886
836
0
0
-520.9 9.75
3
547
834
835
837
0
0
-841 9.75
3
4
208
1084
838
0
0
-841 29
4
208
434
435
488
839
0
0
-342.1 -11.75
7
604
794
796
840
842
1119
1120
840
0
0
-334.55 -39
3
604
839
841
841
0
0
-341.5 -44
2
840
842
842
0
0
-349.05 -39
3
796
839
841
843
0
0
-1105.5 -45
2
27
453
844
0
0
-1128.5 -45
2
27
453
845
0
0
-129.95 -39
3
104
846
847
846
0
0
-135.7 -44
2
845
962
847
0
0
-160.5 -11.75
7
104
606
607
845
958
962
964
848
0
0
-506.9 -139.25
3
675
850
1004
849
0
0
-506.9 -149
5
10
224
383
850
1004
850
0
0
-509.4 -142
2
848
849
851
0
0
-89.4 -0.5
3
573
852
983
852
0
0
-91.8 0
4
122
573
851
981
853
0
0
-314.9 29
4
754
772
773
854
854
0
0
-314.9 19
3
754
853
855
855
0
0
-314.9 -7.500001
4
754
755
756
854
856
0
0
-708 -157.5
4
15
391
394
857
857
0
0
-713 -158
3
391
856
858
858
0
0
-715.5 -157.5
3
391
394
857
859
0
0
-23.75 43.75
4
26
361
860
862
860
0
0
-16 19.3
4
361
789
859
861
861
0
0
-20 16.8
3
789
860
862
862
0
0
-27.75 19.3
6
99
456
789
791
859
861
863
0
0
-1054.75 -3.5
7
53
663
864
866
916
917
918
864
0
0
-1052 -6.75
3
825
863
865
865
0
0
-1065 -7.25
2
864
866
866
0
0
-1067.75 -6.75
3
53
863
865
867
0
0
183.05 -146.25
5
444
481
868
870
1108
868
0
0
187.15 -159
5
481
715
717
867
869
869
0
0
182 -161.5
3
717
868
870
870
0
0
177.9 -159
4
717
867
869
1108
871
0
0
-822.75 -41.75
3
445
873
874
872
0
0
-822.75 -47.25
3
445
873
874
873
0
0
-825.25 -45
3
445
871
872
874
0
0
-817.75 -44
3
446
871
872
875
0
0
-619.5 34
6
598
785
786
787
876
995
876
0
0
-635 29
2
875
877
877
0
0
-657.5 34
5
252
598
761
876
997
878
0
0
-367.55 -146.25
5
36
691
880
965
975
879
0
0
-337.6 -146.25
6
36
67
542
543
880
966
880
0
0
-360.1 -151.25
3
36
878
879
881
0
0
-207.55 34
3
72
534
883
882
0
0
-177.7 34
4
534
535
607
883
883
0
0
-200.1 29
2
881
882
884
0
0
-486.45 -11.75
4
354
704
835
885
885
0
0
-492.9 -14.25
3
704
884
886
886
0
0
-502.9 -11.75
5
548
703
704
835
885
887
0
0
-678.5 -200
4
737
738
739
889
888
0
0
-648.5 -200
5
51
351
585
738
889
889
0
0
-662 -205
2
887
888
890
0
0
155.6 -146.25
6
444
530
678
891
893
1108
891
0
0
158.35 -172.75
4
680
890
892
1108
892
0
0
151.9 -175.25
3
680
891
893
893
0
0
149.15 -172.75
3
680
890
892
894
0
0
-96.25 -163
5
56
586
896
1059
1060
895
0
0
-83.55 -163
4
56
615
896
1060
896
0
0
-89.4 -163.5
3
56
894
895
897
0
0
-136.55 -202.75
3
442
899
900
898
0
0
-136.55 -208.25
3
442
899
900
899
0
0
-139.05 -206
3
442
897
898
900
0
0
-131.55 -205
3
443
897
898
901
0
0
-586.75 4.5
3
8
902
903
902
0
0
-586.25 2.5
4
8
377
901
927
903
0
0
-586.75 7.5
4
8
685
901
904
904
0
0
-572 9
5
685
702
903
929
930
905
0
0
86.795 -159
4
238
239
697
906
906
0
0
66.6 -161.5
3
238
905
907
907
0
0
62.185 -159
4
238
696
697
906
908
0
0
-466.9 -11.75
4
179
354
909
910
909
0
0
-462.8 -14.25
4
179
908
991
994
910
0
0
-461.75 14.75
5
168
354
426
908
994
911
0
0
-125.45 -128.75
3
247
913
914
912
0
0
-125.45 -134.25
3
247
913
914
913
0
0
-127.95 -131
3
247
911
912
914
0
0
-120.45 -132
3
186
911
912
915
0
0
-1047.5 3.5
4
663
666
916
918
916
0
0
-1045 0
4
414
863
915
917
917
0
0
-1051 -0.5
3
863
916
918
918
0
0
-1053.5 0
4
663
863
915
917
919
0
0
-301 -39
3
462
921
922
920
0
0
-287.5 -39
3
566
921
922
921
0
0
-295.5 -44
2
919
920
922
0
0
-293 -11.75
5
462
566
648
919
920
923
0
0
-715.5 2
4
293
616
671
925
924
0
0
-701.25 2
7
111
295
616
617
671
672
925
925
0
0
-713 1.5
3
671
923
924
926
0
0
-566 3.5
5
377
378
702
927
929
927
0
0
-578 2.5
4
377
902
926
928
928
0
0
-578.5 4.5
2
927
930
929
0
0
-567 7
3
702
904
926
930
0
0
-578.5 7
2
904
928
931
0
0
-97.95 10
3
103
193
194
932
0
0
-70.1 10
2
193
194
933
0
0
-769.5 -11.75
6
381
459
935
1074
1075
1085
934
0
0
-757.25 -11.75
7
304
380
381
406
407
459
935
935
0
0
-765 -14.25
3
459
933
934
936
0
0
-388.05 -1.25
3
173
278
937
937
0
0
-392.8 -1.75
2
936
938
938
0
0
-395.55 -1.25
3
277
278
937
939
0
0
-921.25 47.5
3
273
940
942
940
0
0
-915 34
3
723
939
941
941
0
0
-925 29
2
940
942
942
0
0
-931.25 34
4
274
725
939
941
943
0
0
133.3 -149
5
531
678
806
944
946
944
0
0
134.95 -177.75
5
677
678
679
943
945
945
0
0
131.9 -180.25
3
677
944
946
946
0
0
130.25 -177.75
4
677
806
943
945
947
0
0
-1067.25 -160.75
3
48
159
949
948
0
0
-1060 -160.75
3
100
159
949
949
0
0
-1064 -163.25
2
947
948
950
0
0
-532.25 -154.25
4
9
134
951
953
951
0
0
-547.5 -155.5
4
134
149
950
952
952
0
0
-550 -151
2
951
953
953
0
0
-547.5 -149.75
3
151
950
952
954
0
0
-796.75 -41.75
3
468
956
957
955
0
0
-796.75 -47.25
3
468
956
957
956
0
0
-799.25 -45
3
468
954
955
957
0
0
-791.75 -44
3
469
954
955
958
0
0
-189.25 -39.00001
3
606
847
959
959
0
0
-181.7 -44.00001
2
958
964
960
0
0
-1086 -132
2
48
649
961
0
0
-1086 -151.25
4
48
174
175
590
962
0
0
-145.3 -39.00001
3
846
847
963
963
0
0
-154.9 -44.00001
2
962
964
964
0
0
-168.3 -39.00001
3
847
959
963
965
0
0
-367.45 -127
3
12
878
967
966
0
0
-337.5 -127
4
12
67
879
967
967
0
0
-359.9 -132
2
965
966
968
0
0
108.245 6.925
4
97
162
969
971
969
0
0
93.21 5.435001
6
24
162
164
968
970
1124
970
0
0
90.71 7.520002
2
969
971
971
0
0
93.21 9.010001
3
2
968
970
972
0
0
64.585 -5.55
6
85
86
974
1123
1124
1125
973
0
0
75.91499 -5.55
3
110
974
1124
974
0
0
71.4 -6.05
2
972
973
975
0
0
-372.45 -150.75
4
691
878
976
978
976
0
0
-388.2 -152
4
155
691
975
977
977
0
0
-390.7 -151
2
976
978
978
0
0
-388.2 -149.75
3
157
975
977
979
0
0
-70.2 3.5
3
17
980
982
980
0
0
-70.7 7
3
194
979
981
981
0
0
-85.95 5
5
122
194
852
980
984
982
0
0
-70.2 0
5
17
423
574
979
983
983
0
0
-83.05 -0.5
4
573
851
982
984
984
0
0
-83.55 1
2
981
983
985
0
0
-996.75 -45
5
71
78
79
123
124
986
0
0
87.40001 -7.05
3
999
1000
1001
987
0
0
101.1 -7.05
2
97
999
988
0
0
91.7 -9.55
0
989
0
0
-251.6 0
4
237
817
990
1090
990
0
0
-249.2 -0.5
3
817
989
1088
991
0
0
-459.6 -15.25
4
179
909
993
994
992
0
0
-454.45 -15.25
4
168
179
993
994
993
0
0
-456.4 -15.75
3
179
991
992
994
0
0
-457.65 2
5
168
909
910
991
992
995
0
0
-619.5 14.75
6
338
344
480
593
875
996
996
0
0
-635 9.75
3
344
995
997
997
0
0
-648.75 14.75
6
252
253
344
781
877
996
998
0
0
96.8 2.635
5
162
163
164
999
1001
999
0
0
99.55 -0.8149999
5
97
986
987
998
1000
1000
0
0
88.6 -1.315
3
986
999
1001
1001
0
0
85.85001 -0.8149999
4
201
986
998
1000
1002
0
0
-460.15 -146.25
5
416
646
750
780
1003
1003
0
0
-475.5 -151.25
3
646
1002
1004
1004
0
0
-489.2 -146.25
6
383
646
675
848
849
1003
1005
0
0
-216 5
5
72
622
623
1006
1087
1006
0
0
-222.5 2.5
3
1005
1087
1092
1007
0
0
-852.25 10.25
4
208
540
1008
1010
1008
0
0
-868 9
5
260
262
540
1007
1009
1009
0
0
-870.5 10
2
1008
1010
1010
0
0
-868 11.25
3
259
1007
1009
1011
0
0
30.25 -127
4
20
105
1012
1145
1012
0
0
-11.9 -132
4
106
1011
1013
1147
1013
0
0
-16.9 -122
2
105
1012
1014
0
0
-168.6 -146.25
6
249
552
629
707
1015
1017
1015
0
0
-165.85 -172.75
4
467
707
1014
1016
1016
0
0
-172.3 -175.25
3
467
1015
1017
1017
0
0
-175.05 -172.75
4
467
627
1014
1016
1018
0
0
50.83 -4.825
4
83
682
1020
1021
1019
0
0
54.53 -4.825
4
82
83
1020
1021
1020
0
0
52.16 -7.325
3
83
1018
1019
1021
0
0
53.2 2.525
5
24
82
682
1018
1019
1022
0
0
-613 -159
6
350
411
412
687
1024
1137
1023
0
0
-596.75 -159
6
136
149
412
686
1024
1137
1024
0
0
-604 -161.5
3
412
1022
1023
1025
0
0
-1040 -154
3
159
1026
1028
1026
0
0
-1031.5 -159
5
485
1025
1027
1071
1073
1027
0
0
-1039 -161.5
2
1026
1028
1028
0
0
-1047.5 -159
4
100
511
1025
1027
1029
0
0
-139.55 -146.25
5
153
247
640
707
1031
1030
0
0
-114.6 -146.25
6
186
268
269
588
641
1031
1031
0
0
-124.2 -151.25
4
640
641
1029
1030
1032
0
0
-841 -151.25
3
187
242
1130
1033
0
0
-841 -132
2
187
1132
1034
0
0
-872.5 -150.75
6
437
1035
1037
1050
1051
1052
1035
0
0
-888.5 -152
4
437
635
1034
1036
1036
0
0
-891 -151
3
635
1035
1037
1037
0
0
-888.5 -149.75
3
635
1034
1036
1038
0
0
-360 9.75
3
795
1039
1041
1039
0
0
-355 14.75
4
1038
1120
1121
1122
1040
0
0
-359.9 29
2
1043
1122
1041
0
0
-367.45 9.75
6
564
652
654
795
1038
1042
1042
0
0
-367.55 29
4
16
1041
1043
1044
1043
0
0
-365 34
3
1040
1042
1044
1044
0
0
-365 19
2
1042
1043
1045
0
0
168.5 -41.1
3
520
1047
1048
1046
0
0
168.5 -47.3
4
0
520
1047
1048
1047
0
0
166 -44.1
3
520
1045
1046
1048
0
0
173.5 -44.3
3
59
1045
1046
1049
0
0
-852.25 -150.75
4
34
187
1050
1052
1050
0
0
-859 -152
4
34
1034
1049
1051
1051
0
0
-861.5 -151
3
1034
1050
1052
1052
0
0
-859 -149.75
3
1034
1049
1051
1053
0
0
-574.25 -165.75
5
134
135
136
412
1055
1054
0
0
-553.5 -165.75
3
25
134
1055
1055
0
0
-558 -168.25
2
1053
1054
1056
0
0
-87.3 -154
3
270
589
1060
1057
0
0
-98.64999 -154
2
589
1058
1058
0
0
-98.64999 -156.5
2
1057
1059
1059
0
0
-98.15 -158.5
4
586
894
1058
1060
1060
0
0
-85.95 -157.5
5
270
894
895
1056
1059
1061
0
0
114.55 35
3
97
211
1063
1062
0
0
146.5 35
6
211
366
367
581
729
1063
1063
0
0
124.1 30
2
1061
1062
1064
0
0
-1119 -11.75
7
340
341
358
536
643
644
1066
1065
0
0
-1102.75 -11.75
4
340
454
644
1066
1066
0
0
-1104 -14.25
3
644
1064
1065
1067
0
0
-251.6 -164.25
3
120
1069
1070
1068
0
0
-244.7 -164.25
3
21
1069
1070
1069
0
0
-249.2 -164.75
2
1067
1068
1070
0
0
-247.1 -156
6
21
75
120
121
1067
1068
1071
0
0
-1027 -165.75
3
485
1026
1072
1072
0
0
-1030 -168.25
2
1071
1073
1073
0
0
-1034.5 -165.75
3
512
1026
1072
1074
0
0
-777.25 2
5
460
933
1075
1077
1085
1075
0
0
-775 -15.25
3
933
1074
1076
1076
0
0
-777 -15.75
2
1075
1077
1077
0
0
-779.25 -15.25
3
460
1074
1076
1078
0
0
-539 11.25
3
702
1080
1081
1079
0
0
-539 9
4
701
702
1080
1081
1080
0
0
-541.5 10
3
702
1078
1079
1081
0
0
-532.25 10.25
4
701
834
1078
1079
1082
0
0
-738.25 -151
3
63
64
328
1083
0
0
-711 -151
2
63
64
1084
0
0
-818.5 14.75
6
4
434
447
470
837
1086
1085
0
0
-780.5 14.75
7
381
434
460
470
933
1074
1086
1086
0
0
-796 9.75
3
470
1084
1085
1087
0
0
-223.5 0
8
72
281
284
429
1005
1006
1088
1092
1088
0
0
-242.85 -0.5
4
817
990
1087
1089
1089
0
0
-243.35 1
2
1088
1090
1090
0
0
-245.75 5
6
237
516
623
989
1089
1091
1091
0
0
-230.5 7
3
623
1090
1092
1092
0
0
-230 3.5
3
1006
1087
1091
1093
0
0
183 -39.3
5
60
1095
1096
1097
1098
1094
0
0
196.5 -39.3
3
114
1095
1099
1095
0
0
191 -11.45
5
60
114
307
1093
1094
1096
0
0
187.65 -41.1
3
1093
1098
1099
1097
0
0
187.65 -47.3
3
1093
1098
1099
1098
0
0
185.15 -44.1
3
1093
1096
1097
1099
0
0
192.65 -44.3
3
1094
1096
1097
1100
0
0
-1091.5 -200
3
174
370
1101
1101
0
0
-1097 -205
2
1100
1102
1102
0
0
-1106.5 -200
5
245
368
369
669
1101
1103
0
0
-1082.25 29
3
53
1104
1106
1104
0
0
-1087.25 26.75
3
452
1103
1105
1105
0
0
-1089.75 30
3
452
1104
1106
1106
0
0
-1087.25 32.25
3
452
1103
1105
1107
0
0
169.3 -205
4
482
483
680
717
1108
0
0
169.3 -168.5
5
717
867
870
890
891
1109
0
0
-945 -45
3
71
508
509
1110
0
0
-968 -45
4
71
124
509
510
1111
0
0
-447.55 -21.75
3
168
1113
1114
1112
0
0
-442.05 -21.75
3
152
1113
1114
1113
0
0
-444.8 -24.25
2
1111
1112
1114
0
0
-444.8 9.75
4
152
168
1111
1112
1115
0
0
35.3 -41.65
6
503
682
683
815
1116
1118
1116
0
0
13.4 -47.3
3
166
1115
1117
1117
0
0
10.9 -44.1
2
1116
1118
1118
0
0
13.4 -38.45
6
166
502
503
504
1115
1117
1119
0
0
-328.6 24.75
6
16
603
754
839
1120
1122
1120
0
0
-346 12
6
794
795
839
1039
1119
1121
1121
0
0
-348.5 19
3
1039
1120
1122
1122
0
0
-346 31.75
5
16
1039
1040
1119
1121
1123
0
0
62.18501 2.3
4
24
86
972
1125
1124
0
0
73.515 2.3
7
24
110
164
969
972
973
1125
1125
0
0
66.6 -0.2
3
972
1123
1124
1126
0
0
-1144 -11.75
6
91
356
358
536
1127
1128
1127
0
0
-1136.25 -34
3
453
536
1126
1128
0
0
-1150.75 -34
3
91
453
1126
1129
0
0
-809.75 -136.25
7
161
177
178
192
240
1130
1132
1130
0
0
-827.25 -149
5
240
242
1032
1129
1131
1131
0
0
-829.75 -142
2
1130
1132
1132
0
0
-827.25 -129.25
4
161
1033
1129
1131
1133
0
0
-692.75 -160.75
5
65
197
737
1134
1136
1134
0
0
-699 -167.75
3
15
1133
1135
1135
0
0
-701.5 -166
3
15
1134
1136
1136
0
0
-699 -159
4
15
64
1133
1135
1137
0
0
-604 -151.25
4
686
687
1022
1023
1138
0
0
-604 -132
2
686
687
1139
0
0
-5.1 -46.8
2
359
1140
1140
0
0
-17.65 -47.3
3
744
1139
1141
1141
0
0
-20.15 -44.1
2
745
1140
1142
0
0
-1168 -127
3
49
533
1144
1143
0
0
-1139 -127
4
49
592
650
1144
1144
0
0
-1161 -132
3
592
1142
1143
1145
0
0
21.25 -146.25
4
633
743
1011
1146
1146
0
0
5.900001 -151.25
3
743
1145
1147
1147
0
0
-24.55 -146.25
10
106
107
441
495
525
660
661
743
1012
1146
1148
0
0
-1162.25 -172.75
5
204
532
533
592
1150
1149
1
0
-1144 -172.75
5
204
246
592
670
1150
1150
0
0
-1154 -175.25
3
204
1148
1149
